0.367879 0.527292 0.697676 0.852144 0.960789 1 0.960789 0.852144 0.697676 0.527292 0.367879 
0.527292 0.755035 0.999793 1.2224 1.37932 1.43613 1.37967 1.22293 1.00029 0.755327 0.527292 
0.697676 0.999622 1.32406 1.61925 1.82745 1.90297 1.82831 1.62053 1.32523 1.00029 0.697676 
0.852144 1.22171 1.61832 1.97897 2.23333 2.3258 2.23516 1.98153 1.62053 1.22293 0.852144 
0.960789 1.37769 1.82441 2.23022 2.51625 2.6204 2.52012 2.23516 1.82831 1.37967 0.960789 
1 1.43333 1.89648 2.31637 2.6117 2.71828 2.6204 2.3258 1.90297 1.43613 1 
0 0 0 0 0 2.6117 2.51625 2.23333 1.82745 1.37932 0.960789 
0 0 0 0 0 2.31637 2.23022 1.97897 1.61925 1.2224 0.852144 
0 0 0 0 0 1.89648 1.82441 1.61832 1.32406 0.999793 0.697676 
0 0 0 0 0 1.43333 1.37769 1.22171 0.999622 0.755035 0.527292 
